 04      05      30      33      41      52  
 09      37      39      41      43      49  
 10      11      29      30      36      47  
 01      05      06      27      42      59  
 01      02      06      16      19      46  
 07      13      19      22      40      47  
 03      05      20      21      38      56  
 04      17      37      38      47      53  
 08      43      54      55      56      60  
  04      18      21      25      38      57 
  15      25      37      38      58      59 
  04      16      19      20      27      43 
  18      32      47      50      54      56 
  02      16      23      27      47      53 
  12      33      35      51      52      60 
  20      32      34      49      58      60 
  06      10      13      19      20      51 
  23      27      36      37      42      56 
  05      10      12      24      25      60 
  11      25      28      30      33      51 
  06      33      36      46      49      53 
  01      09      31      38      46      56 
  17      37      39      51      52      59 
  01      08      14      28      33      43 
  24      43      50      54      55      56 
  10      22      50      53      57      58 
  13      17      20      33      44      51 
  03      06      22      24      54      60 
  03      08      14      43      56      58 
  07      14      15      29      38      50 
  17      19      28      45      48      56 
  05      14      33      36      43      44 
  05      17      33      39      42      49 
  13      15      17      40      53      57 
  04      16      21      23      54      57 
  03      13      17      25      29      51 
  06      07      22      38      52      60 
  10      42      43      45      54      55 
  12      16      37      45      52      56 
  03      05      08      12      46      47 
  12      26      35      38      39      47 
  07      11      19      24      33      36 
  02      06      17      25      26      58 
  14      18      29      38      44      47 
  07      30      37      44      53      55 
  01      23      24      32      46      60 
  03      17      25      35      48      56 
  02      05      28      34      47      50 
  07      13      33      35      43      55 
  06      16      21      44      57      58 
  17      23      24      25      42      47 
  15      30      38      46      58      59 
  03      13      16      38      42      46 
  05      09      18      21      36      56 
  02      14      23      29      38      52 
  02      07      20      35      51      59 
  07      16      17      27      34      59 
  12      27      30      37      44      49 
  02      08      13      28      34      54 
  03      14      15      20      21      38 
  08      18      29      42      44      59 
  06      08      13      24      31      52 
  09      25      26      40      41      49 
  08      12      23      50      54      60 
  01      05      20      25      32      34 
  12      13      15      26      33      48 
  12      14      17      27      47      52 
  01      03      12      13      53      59 
  25      34      45      53      56      58 
  17      23      27      40      43      58 
  16      27      33      43      45      53 
  01      19      34      43      44      48 
  25      26      28      45      51      57 
  02      24      34      37      38      50 
  21      24      35      36      37      49 
  08      17      18      23      33      53 
  21      29      40      49      54      57 
  12      22      25      31      32      46 
  02      13      17      25      31      43 
  23      28      37      40      48      51 
  10      23      41      47      54      60 
  15      18      29      36      51      53 
  04      15      16      24      42      57 
  04      06      10      25      34      40 
  06      15      30      37      45      47 
  06      21      22      34      36      54 
  04      05      11      28      32      40 
  04      18      29      37      43      45 
  13      34      42      44      55      59 
  09      21      26      40      52      54 
  02      04      10      35      39      60 
  01      03      05      23      24      51 
  02      22      28      31      36      53 
  08      18      28      51      52      55 
  06      40      45      46      50      60 
  04      07      26      40      42      58 
  05      11      14      35      53      56 
  13      14      31      33      35      43 
  11      24      30      33      46      60 
   14      29      30      46      48      51
   01      18      29      31      37      39
   19      20      37      42      44      56
   01      07      09      49      54      57
   01      04      13      21      38      52
   03      13      31      43      46      49
   05      16      24      35      38      39
   02      04      16      24      51      52
   21      24      29      34      59      60
   01      13      44      48      49      54
   18      31      43      52      57      58
   04      22      25      32      33      52
   12      20      34      37      42      43
   07      26      28      34      54      55
   06      12      18      37      47      54
   04      06      14      20      24      38
   05      13      32      36      42      51
   20      25      27      33      42      53
   09      22      25      37      56      57
   01      21      36      38      47      50
   03      16      27      40      45      46
   02      29      41      44      53      55
   11      17      20      39      43      53
   13      14      16      26      32      42
   05      15      34      41      52      57
   25      41      47      53      56      59
   06      10      11      28      32      40
   21      29      50      51      54      59
   03      09      18      21      23      43
   01      09      10      32      46      54
   13      29      38      42      49      53
   04      09      17      27      30      44
   07      09      35      41      44      50
   05      06      19      34      39      57
   04      25      32      36      52      60
   21      22      35      40      53      59
   01      17      25      38      45      59
   15      16      19      22      26      49
   05      14      27      37      40      41
   03      13      26      27      41      42
   07      31      41      44      46      55
   10      13      22      41      42      58
   08      15      19      20      54      59
   06      18      20      40      50      53
   08      32      36      44      45      55
   15      16      31      41      43      51
   25      32      34      42      51      60
   06      16      23      24      28      38
   32      35      41      55      58      59
   07      11      20      28      45      48
   12      44      50      52      54      55
   03      16      20      43      52      56
   05      12      15      29      51      58
   02      30      31      42      45      47
   08      10      24      33      45      48
   12      30      32      35      43      44
   17      23      42      49      52      55
   04      13      17      21      41      44
   04      14      17      43      51      58
   09      11      16      35      50      58
   02      13      42      52      54      58
   06      25      30      37      39      41
   21      23      33      38      48      51
   08      27      36      41      53      56
   04      10      14      19      28      44
   10      19      23      35      39      56
   12      13      22      57      59      60
   01      11      28      33      38      48
   02      09      31      35      45      50
   01      13      21      37      51      52
   07      41      46      51      55      58
   04      27      40      43      46      54
   10      14      26      35      36      49
   17      28      29      42      49      50
   11      22      23      36      52      59
   01      10      13      20      42      50
   01      03      04      28      45      53
   22      35      38      39      41      59
   05      15      19      26      27      33
   05      06      23      26      27      53
   06      23      29      39      51      60
   01      27      33      35      51      55
   03      05      10      28      46      60
   02      07      11      16      40      44
   09      16      21      34      41      60
   17      22      43      46      55      59
   14      23      24      25      26      51
   06      36      41      44      48      58
   17      27      34      42      43      46
   04      15      31      38      41      53
   05      10      21      32      40      42
   01      03      05      23      41      58
   01      26      28      41      54      60
   04      11      12      19      43      49
   25      28      32      33      42      43
   03      09      17      32      37      44
   07      09      14      17      24      32
   05      12      15      19      29      52
   01      08      18      23      35      40
   10      16      37      50      52      57
   12      15      19      34      44      51
   05      20      22      30      35      55
   12      24      44      45      49      53
   11      19      29      44      47      55
   29      31      39      41      51      58
   26      32      40      43      46      54
   18      20      26      34      51      56
   03      07      19      24      53      55
   15      23      24      25      47      57
   13      21      26      32      41      52
   20      32      37      38      48      58
   10      20      33      40      45      50
   06      15      29      45      57      59
   03      09      23      30      32      35
   06      12      30      31      35      50
   07      28      37      46      53      58
   14      18      30      35      42      59
   03      27      32      45      49      51
   12      17      40      42      47      54
   23      26      28      36      42      49
   13      14      36      53      55      60
   13      27      43      50      54      58
   05      19      30      48      52      55
   02      06      22      24      28      58
   07      16      18      20      21      44
   02      04      16      21      37      58
   01      02      38      49      50      59
   11      26      27      37      42      48
   13      16      40      43      45      59
   11      13      21      33      39      45
   08      40      41      44      53      56
   16      27      36      42      44      59
   19      22      29      37      41      59
   03      07      24      32      36      45
   15      25      41      42      45      54
   02      22      29      31      41      55
   10      25      50      52      57      60
   07      31      36      45      56      57
   09      13      15      37      41      42
   06      21      33      44      46      47
   25      28      38      41      57      59
   11      31      35      40      56      57
   04      07      21      22      28      56
   11      16      20      23      32      47
   19      24      33      47      50      60
   08      27      44      51      53      60
   02      16      32      37      43      57
   03      10      23      30      34      46
   16      32      34      35      41      56
   21      36      40      49      54      55
   07      25      41      42      43      55
   15      23      30      34      49      55
   04      17      26      32      51      54
   11      12      24      37      44      56
   01      04      21      22      30      56
   16      19      20      32      44      55
   02      21      26      32      34      52
   01      04      05      19      28      34
   07      12      50      54      55      60
   13      15      20      33      43      58
   04      06      33      43      59      60
   05      16      20      30      54      56
   11      20      48      53      58      60
   08      09      26      43      50      53
   01      05      13      25      31      33
   07      16      34      41      50      53
   02      23      38      46      48      54
   01      08      45      46      55      58
   05      06      10      21      33      47
   17      18      19      25      49      52
   05      09      27      35      40      45
   14      24      26      29      31      54
   09      10      24      36      56      58
   10      17      23      27      47      52
   11      13      18      26      39      47
   16      19      30      37      38      48
   22      39      45      53      57      59
   04      26      38      40      52      56
   10      15      18      22      31      55
   04      23      31      47      58      59
   05      16      20      25      30      58
   05      11      31      38      47      53
   09      14      23      24      33      36
   25      28      34      42      48      54
   07      08      14      30      32      36
   12      32      37      41      50      56
   29      35      37      44      47      56
   03      13      25      33      47      60
   06      09      11      17      18      50
   06      07      20      25      30      36
   07      25      26      30      40      57
   05      16      17      18      22      41
   13      23      24      34      45      53
   05      06      07      12      28      35
   22      25      28      41      45      57
   07      12      24      31      44      50
   03      20      42      46      51      52
   01      20      28      33      36      41
   05      22      23      24      34      60
   02      05      07      33      49      53
   24      27      28      38      41      57
   09      26      48      49      57      58
   12      25      30      40      41      60
   07      13      17      30      37      47
   07      11      34      41      42      59
   05      11      27      38      53      60
   19      30      41      47      56      57
   13      16      17      26      41      44
   04      11      25      29      39      55
   04      11      25      39      50      55
   02      14      28      29      31      32
   22      24      30      32      38      41
   14      23      30      41      47      50
   14      16      24      37      38      53
   05      32      34      37      40      58
   12      21      22      28      43      50
   06      24      28      43      51      56
   16      20      27      30      35      48
   03      19      20      31      40      53
   12      16      17      19      23      48
   20      22      27      47      50      53
   04      11      31      32      48      49
   11      18      29      44      47      56
   26      31      33      40      49      54
   08      15      22      25      30      47
   01      03      04      21      23      53
   21      23      40      44      51      52
   29      32      33      38      46      48
   05      07      14      21      23      51
   10      11      12      24      35      40
   02      04      14      23      37      51
   01      13      20      27      35      37
   23      28      29      34      42      44
   04      27      35      44      52      53
   14      23      24      26      41      51
   07      23      33      43      57      59
   02      18      22      26      30      54
   04      14      16      31      52      54
   01      04      09      36      46      48
   05      12      13      16      27      50
   09      10      12      33      42      60
   05      16      22      23      43      56
   16      29      34      49      51      54
   04      06      07      12      24      41
   10      12      14      33      35      36
   11      22      46      51      56      58
   07      12      41      46      56      60
   01      10      12      26      48      52
   19      30      33      39      40      52
   08      09      28      32      38      54
   10      15      23      30      43      57
   15      16      24      41      59      60
   07      20      25      44      47      49
   19      23      30      46      55      60
   07      16      38      40      41      52
   02      14      22      23      37      60
   05      19      21      54      56      58
   02      30      32      35      45      53
   12      17      21      32      40      42
   13      19      20      29      31      54
   23      24      29      47      53      55
   16      28      31      41      45      59
   07      20      33      37      46      56
   19      29      39      47      49      54
   05      29      44      51      57      59
   19      23      34      37      52      58
   04      06      07      15      21      51
   10      12      27      33      49      52
   13      29      32      38      44      50
   01      14      21      35      42      60
   01      04      40      42      51      54
   04      18      23      33      39      60
   16      17      24      39      46      57
   01      05      10      24      31      33
   02      05      16      26      44      54
   01      05      09      42      51      58
   10      13      25      35      43      48
   03      12      19      27      45      46
   05      38      41      45      48      55
   24      33      40      41      55      59
   13      22      30      31      47      57
   09      10      28      46      55      56
   31      34      37      38      53      54
   14      22      48      50      53      56
   24      28      40      47      50      52
   05      12      16      18      22      24
   17      35      36      39      43      54
   22      28      29      43      47      48
   23      36      48      52      53      58
   05      14      18      43      46      54
   07      12      22      34      38      53
   04      07      15      16      35      40
   15      23      31      39      47      49
   06      12      35      36      40      50
   05      15      35      42      45      49
   10      11      14      20      31      58
   06      18      34      42      45      47
   01      02      05      24      32      46
   07      16      22      28      36      37
   11      16      27      47      55      59
   10      13      28      29      54      59
   11      18      43      44      50      53
   05      16      27      43      56      58
   07      16      27      31      46      60
   01      24      28      38      40      58
   24      29      34      47      57      60
   02      12      32      38      47      48
   02      18      22      49      51      57
   14      28      33      44      49      56
   18      25      26      31      34      49
   08      24      31      36      38      55
   10      12      31      38      45      56
   05      12      14      21      45      59
   02      04      29      33      35      53
   16      26      35      45      52      58
   01      04      27      38      42      44
   01      13      23      33      54      56
   07      12      21      25      34      42
   08      15      32      45      49      52
   09      16      41      42      52      53
   12      29      30      43      57      59
   05      35      37      38      45      51
   12      37      43      55      56      60
   08      22      32      33      40      53
   18      27      29      36      46      59
   06      10      16      34      42      47
   07      30      32      37      50      54
   03      13      14      24      43      51
   08      28      30      32      46      60
   17      26      32      36      43      55
   08      10      21      25      38      50
   26      37      40      47      52      58
   04      13      17      27      39      50
   16      17      28      30      36      54
   04      10      17      24      30      54
   10      11      17      31      37      43
   01      06      07      29      48      57
   07      10      30      44      54      59
   03      05      11      14      38      48
   13      20      29      42      43      57
   03      05      23      30      46      47
   02      10      15      21      58      59
   06      15      23      31      37      59
   11      17      26      36      48      52
   03      24      33      48      52      57
   07      20      31      32      50      53
   08      11      12      17      20      47
   15      24      25      33      42      55
   03      05      09      45      51      52
   01      08      24      34      49      56
   01      09      13      50      51      59
   17      18      23      28      31      53
   11      16      30      36      51      54
   08      20      23      34      52      58
   04      17      24      42      46      56
   02      14      15      17      50      59
   03      17      22      27      33      40
   15      17      24      27      32      48
   13      24      32      34      43      53
   08      15      17      39      43      49
   19      23      30      37      49      55
   15      17      20      29      30      60
   17      19      22      26      27      48
   02      03      07      18      45      53
   06      24      33      38      45      50
   01      22      31      46      51      57
   11      16      28      29      30      45
   08      18      21      22      38      60
   05      06      23      25      39      51
   13      21      26      29      42      47
   08      11      23      37      51      58
   05      31      32      36      51      59
   03      04      12      29      38      51
   07      23      41      49      51      58
   03      12      32      34      40      50
   06      08      19      22      43      52
   17      20      38      43      55      58
   06      08      18      34      38      47
   03      08      21      25      30      31
   20      26      41      46      54      58
   14      33      36      38      41      49
   06      13      22      24      42      44
   12      13      33      53      54      56
   16      18      23      35      44      59
   17      18      19      38      49      53
   19      28      30      38      52      57
   08      14      19      30      42      50
   08      22      25      48      52      54
   15      30      35      39      43      57
   17      28      33      36      53      59
   05      11      23      29      54      58
   01      09      15      22      43      55
   02      06      15      18      56      57
   03      18      20      24      42      54
   18      20      28      32      49      53
   08      15      29      36      49      60
   10      19      20      29      41      59
   09      13      20      32      41      58
   02      06      28      49      50      57
   01      04      05      11      44      59
   21      29      35      36      38      54
   16      27      28      34      39      56
   07      13      21      24      33      50
   07      10      21      27      48      49
   08      11      19      30      39      50
   03      20      28      46      47      52
   04      15      31      34      37      38
   03      05      27      33      44      58
   05      10      15      45      46      56
   28      32      33      34      35      55
   01      04      30      41      45      58
   03      04      08      34      36      37
   04      08      31      40      53      58
   10      19      27      33      39      46
   15      36      40      42      51      52
   15      16      39      45      48      57
   05      13      24      33      34      35
   07      08      28      32      38      51
   05      08      10      15      18      44
   09      15      19      22      36      42
   09      12      17      32      34      35
   15      25      28      32      38      45
   06      14      15      25      49      52
   28      39      40      44      45      58
   19      29      34      41      47      48
   08      10      24      26      32      49
   03      21      31      36      55      59
   06      14      17      26      50      52
   08      12      28      31      34      37
   01      13      33      38      45      56
   01      06      21      25      32      49
   01      03      07      18      35      50
   04      09      12      13      52      53
   13      18      21      27      53      59
   03      08      23      31      48      57
   06      14      28      47      49      56
   14      15      22      23      25      37
   03      07      19      34      37      39
   03      25      43      45      52      56
   06      16      19      47      50      55
   04      22      28      30      44      49
   13      27      49      52      57      58
   04      06      19      28      35      49
   35      37      42      46      49      54
   11      17      33      34      47      56
   17      29      35      40      43      57
   04      05      13      17      46      54
   04      13      28      30      53      59
   14      47      49      51      58      59
   08      13      22      46      51      58
   16      17      38      39      45      56
   12      21      46      48      56      57
   09      22      47      49      52      54
   04      43      46      53      54      58
   15      29      31      42      47      60
   05      23      31      33      45      49
   08      10      17      30      33      45
   08      12      18      23      38      49
   07      14      31      57      58      59
   06      13      17      25      36      53
   02      11      18      30      32      58
   01      20      36      39      49      55
   16      23      35      37      55      57
   05      08      23      34      44      51
   10      13      20      32      38      49
   07      31      34      35      37      45
   06      13      17      18      20      37
   11      31      38      41      57      58
   13      17      22      25      29      41
   03      09      14      15      32      57
   15      32      33      35      36      51
   12      13      14      31      50      51
   03      09      16      20      33      60
   06      17      22      29      40      59
   02      10      17      23      32      44
   05      18      21      29      35      48
   07      08      18      39      43      52
   08      23      24      28      31      47
   03      18      23      48      56      58
   04      09      15      17      34      39
   15      16      18      28      38      47
   14      17      25      30      39      52
   13      29      40      45      51      59
   06      07      20      41      43      55
   07      08      23      30      32      53
   12      24      33      36      39      57
   11      13      38      39      45      54
   02      18      29      30      36      60
   11      13      45      46      53      55
   06      07      08      13      33      59
   04      05      18      25      28      51
   01      03      18      34      50      58
   13      14      42      47      55      59
   01      25      27      29      49      59
   10      13      29      47      53      55
   01      02      25      43      50      54
   11      14      28      43      54      60
   22      27      29      40      42      56
   05      16      34      38      50      53
   04      06      09      23      45      51
   16      18      31      34      39      54
   10      19      22      29      30      37
   07      13      38      46      55      60
   04      08      11      12      29      44
   15      25      41      46      49      51
   04      24      44      49      52      53
   06      23      32      35      41      55
   06      11      19      27      41      59
   06      13      19      24      30      37
   02      06      15      58      59      60
   25      30      43      45      47      49
   16      21      22      33      48      49
   15      18      33      50      53      55
   06      13      19      44      54      55
   12      16      31      48      57      60
   05      08      10      27      31      51
   02      12      16      24      26      54
   03      05      25      33      36      49
   03      08      10      13      24      60
   08      12      14      16      19      46
   01      03      13      22      29      32
   26      29      31      49      50      57
   19      27      29      38      50      59
   09      23      30      42      49      55
   08      23      34      39      43      52
   12      24      32      40      42      59
   07      08      18      22      39      49
   01      13      19      45      56      58
   08      16      22      30      56      58
   15      16      39      40      47      51
   12      16      20      45      53      60
   01      20      28      32      44      47
   02      19      28      48      51      54
   05      11      22      27      46      50
   10      13      24      41      42      56
   08      20      26      37      42      49
   26      28      30      32      34      50
   11      18      43      48      52      58
   10      11      36      41      42      50
   13      35      39      45      51      60
   12      19      42      46      59      60
   01      09      13      17      33      34
   17      36      40      44      51      56
   14      24      37      40      42      45
   14      27      29      31      34      57
   03      24      48      52      53      54
   10      13      32      47      49      60
   11      12      14      19      54      56
   05      23      29      42      45      48
   09      24      33      41      48      54
   10      24      25      29      53      59
   26      28      39      45      48      60
   10      18      20      24      56      57
   05      09      19      24      31      34
   06      10      11      40      41      56
   01      26      37      39      43      48
   35      36      37      46      51      59
   16      20      33      58      59      60
   03      06      11      20      36      41
   14      29      34      40      51      52
   05      11      38      46      53      54
   04      27      36      40      42      55
   04      18      23      25      56      60
   01      27      30      49      51      55
   01      12      36      38      55      59
   07      08      18      25      47      48
   07      16      26      29      45      55
   01      04      05      16      23      49
   01      02      14      33      49      56
   07      24      27      40      41      49
   22      37      42      48      58      59
   09      16      27      38      39      51
   24      28      34      38      43      53
   06      11      20      34      37      40
   18      22      29      32      38      42
   24      25      30      42      43      50
   09      15      32      41      42      49
   08      10      25      32      48      55
   14      31      40      42      44      46
   03      21      25      37      54      58
   02      03      05      22      26      44
   21      25      38      53      58      59
   04      27      36      37      47      60
   02      11      12      35      40      43
   17      19      33      37      40      50
   05      12      27      33      43      56
   04      05      15      26      33      54
   01      07      14      41      48      59
   11      21      30      35      47      52
   06      07      31      49      51      60
   08      12      15      41      47      53
   08      16      37      50      55      58
   11      18      33      57      58      60
   13      14      17      31      41      50
   15      19      29      37      41      53
   06      11      13      21      40      52
   09      16      34      37      53      57
   28      31      32      35      51      53
   08      12      22      27      43      55
   17      23      48      50      53      54
   02      03      14      24      31      40
   01      13      23      31      48      60
   01      18      45      56      57      58
   02      11      24      27      30      45
   02      04      18      27      34      50
   03      11      13      15      26      43
   02      07      10      17      22      60
   01      08      10      36      43      51
   07      09      13      39      45      47
   04      06      09      22      29      44
   05      25      34      39      46      49
   05      10      33      40      41      59
   07      08      35      43      53      58
   01      12      16      26      46      54
   07      08      17      35      39      53
   04      12      24      33      36      54
   02      07      16      29      32      50
   06      17      23      28      35      41
   07      21      33      35      39      58
   03      32      37      39      47      53
   12      31      44      51      54      56
   03      14      23      25      36      55
   09      18      36      44      57      60
   01      06      16      36      50      52
   17      27      34      48      51      55
   03      09      35      37      41      49
   01      05      07      37      40      47
   04      12      14      30      42      59
   08      13      24      32      42      44
   05      18      33      43      56      57
   02      15      16      45      50      54
   06      15      16      23      28      35
   06      17      19      49      50      53
   02      12      26      31      43      46
   27      29      43      44      45      54
   09      15      38      40      42      52
   01      21      38      41      49      56
   11      12      24      32      33      38
   14      15      26      30      42      54
   06      10      35      45      49      56
   12      16      28      29      47      50
   24      26      27      36      39      59
   02      07      17      34      41      50
   20      23      25      32      54      60
   04      12      23      26      39      46
   02      16      21      37      43      57
   01      10      12      25      49      57
   02      03      12      21      23      56
   01      02      07      19      35      51
   04      24      47      48      50      57
   10      17      33      42      54      58
   04      07      20      25      38      50
   04      23      24      25      29      42
   02      07      22      35      43      59
   03      04      13      34      42      50
   04      12      30      47      49      59
   05      27      37      38      41      50
   12      17      18      30      32      58
   01      23      36      43      47      59
   30      31      39      45      48      59
   12      17      44      45      46      60
   13      17      27      29      40      56
   09      12      21      37      39      54
   01      09      26      40      47      48
   03      07      45      47      53      55
   03      10      16      30      37      50
   01      19      24      42      50      58
   15      22      32      38      50      54
   04      08      30      33      37      59
   12      16      20      21      29      50
   04      12      25      34      35      48
   14      21      29      34      46      47
   10      35      38      51      52      60
   03      05      14      29      34      51
   05      10      37      46      54      58
   12      27      42      46      47      50
   03      15      35      41      57      60
   02      14      23      28      50      56
   20      31      36      37      45      51
   25      26      29      36      52      54
   07      10      28      50      51      59
   08      10      13      39      54      56
   02      11      23      35      42      59
   04      08      21      32      43      48
   08      27      37      42      53      56
   05      08      17      35      37      48
   10      11      26      27      31      41
   20      31      34      37      54      60
   17      19      29      31      44      57
   06      31      38      39      50      60
   02      06      19      22      28      43
   09      14      19      35      42      58
   09      29      34      43      45      56
   03      15      16      33      51      57
   03      38      42      47      55      56
   14      21      26      29      36      48
   05      19      24      34      39      43
   06      12      47      48      52      58
   03      04      09      29      32      52
   19      29      35      42      55      57
   01      07      11      37      38      56
   11      19      20      22      42      48
   06      14      18      24      48      60
   03      05      10      21      28      57
   03      13      37      47      56      59
   02      30      36      43      48      60
   18      26      35      41      47      60
   02      08      27      32      49      56
   02      15      21      31      46      57
   05      11      15      23      25      30
   01      04      05      33      37      48
   10      28      32      41      47      57
   11      13      38      39      54      57
   09      15      23      45      46      56
   02      08      11      41      46      50
   09      19      37      39      50      57
   20      21      30      40      47      52
   10      29      30      34      43      52
   08      09      22      25      41      44
   05      19      25      46      51      58
   10      17      21      32      45      46
   04      29      33      36      38      42
   04      10      17      27      41      52
   01      15      26      51      54      59
   06      07      09      20      33      48
   10      21      28      40      41      47
   06      07      08      27      45      53
   18      24      30      42      51      56
   23      28      38      42      50      53
   10      14      32      47      50      56
   02      13      41      49      51      53
   03      32      33      42      48      50
   15      17      23      33      39      49
   13      16      46      53      57      58
   10      16      17      34      44      51
   18      31      33      49      57      58
   17      22      28      38      52      59
   05      06      16      24      34      60
   09      23      30      38      44      47
   07      08      11      18      37      43
   17      29      31      35      43      59
   07      22      32      36      38      51
   07      09      30      44      51      60
   01      16      34      36      45      48
   16      24      34      44      54      57
   14      19      20      40      48      52
   02      03      44      47      50      54
   14      15      27      42      44      48
   17      27      32      34      47      56
   08      09      39      44      49      58
   07      22      25      44      59      60
   03      16      19      32      35      58
   06      14      23      34      38      44
   30      38      46      51      56      59
   03      17      24      25      27      44
   03      24      31      42      43      53
   11      15      40      41      42      47
   02      03      17      49      50      59
   04      18      23      31      37      54
   09      12      34      46      47      57
   02      08      17      22      42      44
   39      40      42      47      59      60
   02      08      11      12      19      35
   15      24      32      50      53      57
   08      11      31      33      42      57
   23      26      27      41      51      53
   05      27      36      40      46      48
   10      19      26      28      44      54
   21      22      25      40      51      57
   27      29      42      49      50      51
   08      21      34      40      43      52
   01      05      10      17      47      58
   05      18      31      43      55      58
   04      19      30      34      57      59
   10      20      42      44      52      59
   18      20      24      36      53      58
   04      08      12      41      45      60
   13      15      20      28      31      36
   11      12      37      38      43      54
   10      28      29      35      42      46
   25      30      37      46      49      51
   04      18      24      43      51      56
   17      41      42      44      45      60
   21      32      37      52      53      60
   02      11      12      14      22      39
   04      13      31      33      47      51
   17      33      37      50      55      59
   01      12      21      32      34      44
   24      40      50      52      54      60
   20      24      34      39      54      60
   07      09      17      21      22      54
   15      16      19      22      34      35
   01      19      42      44      49      52
   03      18      26      51      53      56
   20      24      28      37      41      44
   02      41      43      55      57      58
   05      11      22      31      35      41
   07      21      22      43      46      57
   03      04      08      30      45      54
   18      20      36      53      54      58
   04      18      21      34      38      59
   13      16      32      33      34      56
   18      23      50      52      55      58
   05      17      20      32      41      55
   32      44      48      51      53      59
   02      04      15      16      55      57
   07      14      24      29      35      39
   09      36      37      41      51      53
   01      09      19      25      50      52
   17      22      26      28      38      42
   03      15      27      29      36      53
   01      06      28      29      46      49
   04      19      21      26      29      54
   14      30      36      38      46      59
   09      12      23      33      45      51
   17      20      26      28      48      49
   05      28      33      36      37      38
   23      25      30      46      47      59
   04      08      12      38      44      52
   03      25      31      41      43      60
   05      17      24      52      55      57
   01      09      35      41      48      57
   12      13      19      41      45      49
   02      15      39      50      53      57
   02      20      21      27      51      60
   08      22      36      37      46      52
   21      33      34      40      41      59
   19      23      26      31      33      36
   04      10      32      33      49      60
   16      27      35      39      49      57
   20      28      37      46      49      55
   07      17      19      34      36      39
   02      17      21      36      42      53
   08      14      25      39      45      51
   01      03      21      25      44      48
   07      13      18      29      31      45
   05      14      22      29      33      44
   02      21      22      30      41      52
   15      27      35      50      57      59
   06      19      23      37      49      50
   05      25      31      33      37      51
   10      11      15      27      53      60
   05      08      18      42      52      59
   03      12      23      41      47      58
   16      37      43      52      58      59
   04      08      27      44      54      59
   01      05      12      47      52      59
   03      05      11      14      33      58
   22      41      44      46      52      54
   01      23      41      44      51      52
   23      41      42      48      49      59
   14      24      34      39      49      55
   02      11      18      27      30      54
   01      16      39      42      48      55
   05      08      18      24      33      57
   05      12      21      32      33      35
   46      47      51      54      57      59
   24      25      32      34      50      57
   07      13      22      33      48      51
   03      05      11      33      39      57
   06      18      19      33      34      53
   02      04      16      21      36      53
   02      11      40      48      49      55
   15      17      37      48      50      59
   08      13      20      26      33      42
   05      30      36      39      57      58
   01      04      26      28      41      58
   05      13      14      18      30      57
   01      04      13      30      51      60
   13      25      35      41      50      56
   05      21      28      34      54      57
   04      11      14      33      44      45
   15      18      31      33      34      56
   01      08      30      36      47      53
   12      16      20      31      38      45
   09      30      33      37      40      41
   14      23      25      28      38      53
   03      05      07      09      17      32
   12      16      18      27      42      58
   03      15      28      31      39      51
   15      17      29      35      36      59
   01      08      34      41      53      58
   08      12      24      40      43      49
   16      22      32      38      40      45
   04      10      20      43      46      47
   04      16      18      46      56      59
   06      15      19      24      31      32
   13      27      31      34      47      58
   08      17      46      48      56      60
   02      21      27      29      32      38
   02      10      15      18      29      39
   08      09      15      38      41      60
   01      04      06      08      25      28
   05      24      25      26      42      60
   03      20      29      40      44      58
   04      16      31      36      54      55
   07      15      20      21      23      29
   09      17      18      32      53      55
   03      04      21      22      28      32
   18      24      36      44      55      58
    29      38      39      49      53      5
    12      15      27      37      51      6
    03      07      25      31      40      5
    05      10      16      23      26      2
    29      40      43      44      45      4
    04      06      12      37      41      4
    02      04      17      33      48      5
    04      27      36      37      49      5
    07      13      15      34      42      4
    01      06      12      29      34      5
    02      03      13      37      46      5
    02      11      21      30      35      5
    14      19      40      47      55      5
    07      09      12      19      20      4
    08      09      25      41      57      6
    03      08      17      26      28      4
    05      09      11      20      25      6
    06      19      31      34      51      5
    09      24      44      51      55      5
    04      13      23      29      46      4
    01      02      19      32      39      5
    02      33      42      43      51      5
    05      21      31      39      40      5
    02      07      08      18      40      4
    18      22      28      29      39      5
    10      27      28      29      40      5
    06      10      17      33      51      5
    18      20      33      44      47      6
    20      26      34      51      52      5
    05      16      17      20      24      3
    01      08      23      37      54      5
    24      33      40      43      46      4
    15      16      26      29      43      5
    05      06      17      33      39      5
    01      03      18      20      42      4
    01      11      26      51      59      6
    10      27      36      39      41      5
    04      36      44      46      53      5
    06      07      28      35      43      5
    02      20      24      27      36      5
    01      06      28      39      44      5
    10      12      36      44      54      5
    13      18      25      30      46      5
    14      21      25      48      51      6
    10      11      13      35      39      5
    01      05      06      17      31      5
    28      40      42      54      55      5
    01      02      08      10      14      4
    03      16      21      28      38      5
    02      05      17      29      34      5
    14      24      26      33      45      6
    07      10      11      13      43      5
    08      11      15      16      52      5
    15      27      34      42      49      5
    13      14      18      27      41      6
    12      15      16      20      27      3
    06      08      38      50      53      5
    02      03      04      15      49      5
    18      20      24      45      51      5
    01      12      14      16      37      4
    01      03      16      18      41      4
    09      21      23      30      41      5
    02      08      23      33      37      5
    01      22      44      47      49      5
    04      16      19      28      29      4
    07      19      30      39      43      5
    06      10      25      32      43      4
    04      10      14      25      28      5
    25      27      44      47      48      5
    09      17      28      45      49      5
    05      08      16      23      41      5
    05      07      37      43      53      5
    09      18      19      43      47      5
    08      25      32      34      36      4
    03      10      23      29      47      5
    10      12      16      21      39      5
    04      10      19      32      33      4
    05      06      09      11      18      3
    03      06      34      41      43      4
    05      12      24      28      36      3
    11      18      20      34      41      5
    09      16      24      29      52      5
    04      17      38      40      50      5
    10      20      23      28      42      4
    05      20      29      33      40      5
    12      21      39      40      50      5
    02      04      06      10      23      4
    03      20      28      32      36      4
    06      24      31      35      42      5
    02      18      20      32      37      4
    09      20      24      36      40      4
    17      23      24      27      49      5
    01      09      30      33      34      4
    19      23      27      38      41      4
    09      10      21      36      41      4
    10      16      21      23      27      3
    03      13      14      16      41      5
    01      17      21      33      48      5
    11      20      21      30      50      5
    14      31      35      38      44      5
    07      17      18      33      41      4
    06      07      10      12      24      5
    09      11      23      35      46      5
    10      19      28      41      55      5
    02      03      06      35      49      5
    01      15      28      43      50      5
    04      15      43      47      50      6
    03      09      20      36      53      5
    07      09      39      43      44      6
    06      08      11      14      29      5
    06      14      26      28      42      4
    04      09      25      32      33      4
    04      32      34      43      52      5
    03      06      29      36      47      5
    03      15      16      22      25      5
    18      30      37      41      44      5
    04      09      13      17      20      4
    01      06      17      27      35      4
    08      20      21      43      44      5
    10      34      41      44      45      5
    07      35      40      44      50      5
    04      17      18      54      56      5
    26      44      46      49      55      5
    04      14      19      39      45      6
    07      11      16      18      33      4
    03      07      29      33      42      5
    04      31      42      52      57      5
    05      08      14      24      29      3
    08      16      24      39      52      6
    12      17      19      32      47      5
    05      18      23      32      49      5
    01      08      16      34      36      4
    12      27      30      33      52      5
    05      10      16      21      39      5
    09      22      29      36      51      5
    04      05      06      19      23      3
    07      31      32      34      37      4
    19      21      25      28      43      5
    02      04      15      18      25      3
    09      28      31      36      37      4
    10      27      40      46      49      5
    09      37      40      50      58      6
    03      15      26      28      31      5
    03      30      35      44      47      6
    01      10      18      19      44      4
    03      16      19      24      33      6
    06      10      28      33      34      5
    06      23      31      33      39      5
    27      28      29      32      48      5
    07      08      23      36      46      5
    15      17      28      31      35      5
    01      04      14      21      25      5
    14      20      29      36      44      4
    06      17      19      34      46      5
    04      12      14      21      26      2
    20      28      40      41      51      5
    09      24      31      44      48      4
    09      29      41      43      46      4
    23      30      31      54      55      6
    05      06      34      46      53      5
    01      03      05      18      40      4
    04      07      42      47      48      5
    18      22      25      30      31      4
    05      17      31      47      51      5
    06      14      17      26      40      4
    20      40      42      52      54      6
    22      28      30      31      35      5
    20      28      43      51      52      5
    04      05      20      47      53      5
    01      11      14      23      42      4
    11      13      27      34      46      4
    03      10      13      30      41      5
    06      12      28      43      52      5
    05      07      24      25      36      4
    06      07      39      47      51      5
    02      03      12      16      37      4